1    22   2    0   
2    27   3    0   
3    23   0    0   
4    27   3    0   
5    1    26   0   
5    2    26   0   
5    46   6    0   
5    3    9    0   
5    4    11   0   
5    7    31   16  
5    6    21   0   
6    8    28   8   
8         0    0   
9    24   28   10  
10   25   0    0   
11   24   12   0   
12   46   13   0   
12   25   0    0   
13   25   0    0   
13   17   14   0   
14   46   13   0   
16   27   17   0   
17   22   18   0   
18   27   19   0   
19   23   0    0   
20   27   19   0   
21   27   22   0   
22   5    31   25  
23   27   22   0   
25        0    0   
26   46   27   0   
27   17   26   0   
28   24   28   29  
28   46   30   0   
28   47   30   0   
29   25   30   0   
30   18   28   0   
30   19   28   0   
30   20   28   0   
30   21   28   0   
31   26   31   0   
31   28   31   34  
32   9    28   33  
32   10   28   33  
32   11   28   33  
32   12   28   33  
32   13   28   33  
32   14   28   33  
33   15   31   0   
33   16   31   0   
34   29   33   0   
